3 0.7463942307692307 0.5132211538461539 0.04447115384615385 0.33413461538461536
3 0.8209134615384616 0.42788461538461536 0.03245192307692308 0.19471153846153846
3 0.7848557692307693 0.4326923076923077 0.027644230769230768 0.16826923076923078
3 0.7007211538461539 0.42908653846153844 0.027644230769230768 0.19951923076923078
3 0.5697115384615384 0.6009615384615384 0.0733173076923077 0.515625
3 0.4831730769230769 0.5841346153846154 0.07572115384615384 0.5420673076923077
3 0.3581730769230769 0.6706730769230769 0.06610576923076923 0.5372596153846154
3 0.28846153846153844 0.5817307692307693 0.10697115384615384 0.6742788461538461
3 0.1875 0.5997596153846154 0.08533653846153846 0.6057692307692307
3 0.42908653846153844 0.4855769230769231 0.05048076923076923 0.39302884615384615
3 0.8617788461538461 0.4411057692307692 0.030048076923076924 0.1875
3 0.8894230769230769 0.44591346153846156 0.026442307692307692 0.18870192307692307
3 0.8209134615384616 0.42788461538461536 0.03245192307692308 0.19471153846153846
3 0.7848557692307693 0.4326923076923077 0.027644230769230768 0.16826923076923078
3 0.7007211538461539 0.42908653846153844 0.027644230769230768 0.19951923076923078